
--- Nuova esecuzione ---
Array linspace:
[ 0.          0.20408163  0.40816327  0.6122449   0.81632653  1.02040816
  1.2244898   1.42857143  1.63265306  1.83673469  2.04081633  2.24489796
  2.44897959  2.65306122  2.85714286  3.06122449  3.26530612  3.46938776
  3.67346939  3.87755102  4.08163265  4.28571429  4.48979592  4.69387755
  4.89795918  5.10204082  5.30612245  5.51020408  5.71428571  5.91836735
  6.12244898  6.32653061  6.53061224  6.73469388  6.93877551  7.14285714
  7.34693878  7.55102041  7.75510204  7.95918367  8.16326531  8.36734694
  8.57142857  8.7755102   8.97959184  9.18367347  9.3877551   9.59183673
  9.79591837 10.        ]

Array random:
[0.84782022 0.33964406 0.11400971 0.64222594 0.27683697 0.06916753
 0.14270081 0.953034   0.77627198 0.5958261  0.85496032 0.9090879
 0.63165723 0.2839965  0.32304475 0.71564967 0.67923259 0.0698419
 0.35110848 0.02167314 0.70669856 0.41199454 0.04101131 0.87434853
 0.89004215 0.93433781 0.83785246 0.54110586 0.89249768 0.4465077
 0.23913427 0.22817129 0.54567204 0.6298001  0.4132624  0.96570451
 0.50722091 0.66384758 0.99835714 0.64262804 0.11505983 0.18430062
 0.73440223 0.89712618 0.96528684 0.47214526 0.78415661 0.56776102
 0.04827353 0.56039465]

Array somma:
[ 0.84782022  0.5437257   0.52217297  1.25447084  1.0931635   1.08957569
  1.36719061  2.38160543  2.40892504  2.4325608   2.89577664  3.15398586
  3.08063682  2.93705772  3.18018761  3.77687416  3.94453872  3.53922966
  4.02457786  3.89922416  4.78833122  4.69770882  4.53080723  5.56822608
  5.78800133  6.03637862  6.14397491  6.05130994  6.60678339  6.36487504
  6.36158325  6.55470191  7.07628428  7.36449398  7.35203791  8.10856165
  7.85415968  8.21486799  8.75345918  8.60181171  8.27832513  8.55164756
  9.3058308   9.67263638  9.94487868  9.65581873 10.17191171 10.15959776
  9.8441919  10.56039465]

Somma totale: 277.33689142381485
Somma > 5: 214.9467441653758

--- Nuova esecuzione ---
Array linspace:
[ 0.          0.20408163  0.40816327  0.6122449   0.81632653  1.02040816
  1.2244898   1.42857143  1.63265306  1.83673469  2.04081633  2.24489796
  2.44897959  2.65306122  2.85714286  3.06122449  3.26530612  3.46938776
  3.67346939  3.87755102  4.08163265  4.28571429  4.48979592  4.69387755
  4.89795918  5.10204082  5.30612245  5.51020408  5.71428571  5.91836735
  6.12244898  6.32653061  6.53061224  6.73469388  6.93877551  7.14285714
  7.34693878  7.55102041  7.75510204  7.95918367  8.16326531  8.36734694
  8.57142857  8.7755102   8.97959184  9.18367347  9.3877551   9.59183673
  9.79591837 10.        ]

Array random:
[0.71100393 0.70037566 0.4094622  0.49079759 0.48760204 0.45013829
 0.31340426 0.7133285  0.98083688 0.80094291 0.01054603 0.02074869
 0.71051163 0.50684288 0.59836972 0.99492179 0.37292137 0.22525818
 0.06201888 0.7812613  0.09850452 0.74386125 0.63279212 0.03285571
 0.18442742 0.56085146 0.74040246 0.05778501 0.56160751 0.50942863
 0.59042462 0.45690591 0.61691283 0.44985119 0.75387747 0.16519431
 0.86467365 0.21507314 0.79786262 0.75727798 0.07265317 0.09308574
 0.43861598 0.60507231 0.37298698 0.62934788 0.78327395 0.23774905
 0.09375634 0.85668041]

Array somma:
[ 0.71100393  0.90445729  0.81762547  1.10304249  1.30392857  1.47054645
  1.53789405  2.14189993  2.61348995  2.63767761  2.05136235  2.26564665
  3.15949122  3.15990411  3.45551257  4.05614628  3.6382275   3.69464594
  3.73548827  4.65881232  4.18013717  5.02957554  5.12258804  4.72673326
  5.0823866   5.66289227  6.04652491  5.56798909  6.27589323  6.42779598
  6.7128736   6.78343653  7.14752507  7.18454506  7.69265298  7.30805145
  8.21161243  7.76609355  8.55296466  8.71646165  8.23591848  8.46043267
  9.01004455  9.38058252  9.35257881  9.81302135 10.17102905  9.82958578
  9.8896747  10.85668041]

Somma totale: 274.3150843244449
Somma > 5: 216.29141096478173

--- Nuova esecuzione ---
Array linspace:
[ 0.          0.20408163  0.40816327  0.6122449   0.81632653  1.02040816
  1.2244898   1.42857143  1.63265306  1.83673469  2.04081633  2.24489796
  2.44897959  2.65306122  2.85714286  3.06122449  3.26530612  3.46938776
  3.67346939  3.87755102  4.08163265  4.28571429  4.48979592  4.69387755
  4.89795918  5.10204082  5.30612245  5.51020408  5.71428571  5.91836735
  6.12244898  6.32653061  6.53061224  6.73469388  6.93877551  7.14285714
  7.34693878  7.55102041  7.75510204  7.95918367  8.16326531  8.36734694
  8.57142857  8.7755102   8.97959184  9.18367347  9.3877551   9.59183673
  9.79591837 10.        ]

Array random:
[0.59948951 0.64072535 0.98457539 0.55406681 0.36068359 0.54855889
 0.72170899 0.62721319 0.53953587 0.7938204  0.81269454 0.10608953
 0.40957079 0.90556301 0.03814615 0.06752296 0.29276514 0.72559231
 0.97743493 0.48167809 0.07807515 0.08239852 0.17144282 0.84337587
 0.26921698 0.04901503 0.67130759 0.74685772 0.51034877 0.90721534
 0.29692003 0.66887544 0.25272473 0.46250373 0.20342978 0.0926727
 0.37593485 0.60778713 0.05214529 0.21510404 0.72877499 0.15096241
 0.2727036  0.83135526 0.27864753 0.66823593 0.19525663 0.26712221
 0.42101983 0.45811164]

Array somma:
[ 0.59948951  0.84480698  1.39273865  1.16631171  1.17701012  1.56896705
  1.94619878  2.05578462  2.17218893  2.63055509  2.85351087  2.35098749
  2.85855039  3.55862423  2.89528901  3.12874745  3.55807126  4.19498007
  4.65090432  4.35922911  4.1597078   4.3681128   4.66123874  5.53725342
  5.16717616  5.15105584  5.97743004  6.2570618   6.22463449  6.82558269
  6.41936901  6.99540605  6.78333698  7.19719761  7.14220529  7.23552984
  7.72287362  8.15880754  7.80724733  8.17428772  8.89204029  8.51830935
  8.84413217  9.60686546  9.25823936  9.8519094   9.58301173  9.85895895
 10.21693819 10.45811164]

Somma totale: 273.0169769674351
Somma > 5: 209.86497198003377

--- Nuova esecuzione ---
Array linspace:
[ 0.          0.20408163  0.40816327  0.6122449   0.81632653  1.02040816
  1.2244898   1.42857143  1.63265306  1.83673469  2.04081633  2.24489796
  2.44897959  2.65306122  2.85714286  3.06122449  3.26530612  3.46938776
  3.67346939  3.87755102  4.08163265  4.28571429  4.48979592  4.69387755
  4.89795918  5.10204082  5.30612245  5.51020408  5.71428571  5.91836735
  6.12244898  6.32653061  6.53061224  6.73469388  6.93877551  7.14285714
  7.34693878  7.55102041  7.75510204  7.95918367  8.16326531  8.36734694
  8.57142857  8.7755102   8.97959184  9.18367347  9.3877551   9.59183673
  9.79591837 10.        ]

Array random:
[0.53496983 0.31547949 0.45459143 0.63709334 0.39479195 0.08917511
 0.43429032 0.97916318 0.22266496 0.73443679 0.94027004 0.67511647
 0.37671469 0.78135924 0.51542629 0.923202   0.11210743 0.76358864
 0.48623261 0.75187573 0.49138656 0.75592311 0.318484   0.69411434
 0.69362408 0.03364244 0.02586377 0.01931472 0.42702099 0.36004772
 0.64336128 0.37535691 0.17811132 0.22278701 0.99731206 0.30824906
 0.18873628 0.6089678  0.25968557 0.4092641  0.06172169 0.90196611
 0.69286121 0.33680007 0.7209658  0.29717775 0.09582584 0.65929601
 0.89152495 0.16432559]

Array somma:
[ 0.53496983  0.51956112  0.8627547   1.24933824  1.21111848  1.10958327
  1.65878011  2.40773461  1.85531802  2.57117148  2.98108637  2.92001443
  2.82569429  3.43442046  3.37256915  3.98442649  3.37741355  4.23297639
  4.159702    4.62942675  4.57301921  5.0416374   4.80827992  5.38799189
  5.59158326  5.13568325  5.33198622  5.5295188   6.14130671  6.27841507
  6.76581026  6.70188753  6.70872356  6.95748089  7.93608757  7.45110621
  7.53567505  8.1599882   8.01478761  8.36844777  8.224987    9.26931305
  9.26428978  9.11231028  9.70055763  9.48085122  9.48358094 10.25113274
 10.68744332 10.16432559]

Somma totale: 273.9562676883416
Somma > 5: 214.676908799794

--- Nuova esecuzione ---
Array linspace:
[ 0.          0.20408163  0.40816327  0.6122449   0.81632653  1.02040816
  1.2244898   1.42857143  1.63265306  1.83673469  2.04081633  2.24489796
  2.44897959  2.65306122  2.85714286  3.06122449  3.26530612  3.46938776
  3.67346939  3.87755102  4.08163265  4.28571429  4.48979592  4.69387755
  4.89795918  5.10204082  5.30612245  5.51020408  5.71428571  5.91836735
  6.12244898  6.32653061  6.53061224  6.73469388  6.93877551  7.14285714
  7.34693878  7.55102041  7.75510204  7.95918367  8.16326531  8.36734694
  8.57142857  8.7755102   8.97959184  9.18367347  9.3877551   9.59183673
  9.79591837 10.        ]

Array random:
[0.00613399 0.58027761 0.63314791 0.12262965 0.06972587 0.76224714
 0.18971605 0.3243103  0.84061793 0.69678455 0.39020787 0.74270552
 0.24574621 0.42965812 0.094819   0.62229924 0.8059625  0.5721591
 0.55958374 0.60009052 0.23935409 0.45955022 0.82566746 0.52094649
 0.80866932 0.68671565 0.28301212 0.05733845 0.43959565 0.48057945
 0.52038675 0.77235557 0.81848723 0.97154446 0.68354253 0.89816911
 0.20468639 0.31326265 0.97269749 0.03160851 0.47212244 0.70099696
 0.19363151 0.77353624 0.39174807 0.52976851 0.96261597 0.38370203
 0.04867317 0.19356413]

Array somma:
[6.13399200e-03 7.84359238e-01 1.04131117e+00 7.34874544e-01
 8.86052397e-01 1.78265531e+00 1.41420585e+00 1.75288173e+00
 2.47327099e+00 2.53351924e+00 2.43102419e+00 2.98760348e+00
 2.69472580e+00 3.08271935e+00 2.95196186e+00 3.68352373e+00
 4.07126862e+00 4.04154686e+00 4.23305313e+00 4.47764154e+00
 4.32098674e+00 4.74526451e+00 5.31546338e+00 5.21482404e+00
 5.70662851e+00 5.78875647e+00 5.58913456e+00 5.56754253e+00
 6.15388137e+00 6.39894680e+00 6.64283573e+00 7.09888618e+00
 7.34909948e+00 7.70623834e+00 7.62231804e+00 8.04102625e+00
 7.55162516e+00 7.86428306e+00 8.72779953e+00 7.99079218e+00
 8.63538774e+00 9.06834390e+00 8.76506008e+00 9.54904644e+00
 9.37133990e+00 9.71344198e+00 1.03503711e+01 9.97553877e+00
 9.84459154e+00 1.01935641e+01]

Somma totale: 274.92735141917683
Somma > 5: 217.7967671625509
